0.205564142195
0.276661514683
0.296754250386
0.333848531685
0.35857805255
0.375579598145
0.375579598145
0.381761978362
0.380216383308
0.391035548686
0.409582689335
0.404945904173
0.417310664606
0.41885625966
0.406491499227
0.409582689335
0.411128284389
0.415765069552
0.420401854714
0.423493044822
0.421947449768
0.432766615147
0.438948995363
0.446676970634
0.44513137558
0.438948995363
0.438948995363
0.438948995363
0.440494590417
0.442040185471
0.442040185471
0.434312210201
0.435857805255
0.434312210201
0.432766615147
0.434312210201
0.434312210201
0.442040185471
0.437403400309
0.442040185471
0.451313755796
0.440494590417
0.442040185471
0.44513137558
0.432766615147
0.440494590417
0.443585780526
0.443585780526
0.44513137558
0.446676970634
0.448222565688
0.457496136012
0.457496136012
0.454404945904
0.459041731066
0.455950540958
0.457496136012
0.463678516229
0.460587326121
0.457496136012
0.454404945904
0.455950540958
0.454404945904
0.449768160742
0.449768160742
0.446676970634
0.457496136012
0.457496136012
0.457496136012
0.455950540958
0.459041731066
0.449768160742
0.451313755796
0.449768160742
0.45285935085
0.446676970634
0.451313755796
0.454404945904
0.454404945904
0.459041731066
0.460587326121
0.469860896445
0.469860896445
0.465224111283
0.463678516229
0.460587326121
0.463678516229
0.465224111283
0.462132921175
0.463678516229
0.463678516229
0.462132921175
0.460587326121
0.455950540958
0.449768160742
0.443585780526
0.454404945904
0.459041731066
0.462132921175
0.460587326121
